    year temporal_offsets           vertical_offsets  initial_nan_percent  final_nan_percent  increased_nan_percent
0   1996         [0, nan]                 [0.0, nan]               1.6621             1.7475                 0.0854
1   1997         [0, nan]          [0.0, nan, 0.001]               0.6507             0.8014                 0.1507
2   1998         [0, nan]                 [0.0, nan]               0.0205             0.1438                 0.1233
3   1999         [0, nan]                 [0.0, nan]               1.2568             1.5993                 0.3425
4   2000         [0, nan]                 [0.0, nan]               0.0808             0.1537                 0.0729
5   2001         [0, nan]          [0.0, nan, 0.001]               0.0788             0.8927                 0.8139
6   2002         [0, nan]          [0.0, nan, 0.001]               0.1632             0.5925                 0.4293
7   2003         [0, nan]  [0.0, nan, 0.001, -0.011]               0.0559             0.2135                 0.1576
8   2004         [0, nan]  [0.0, nan, -0.006, 0.006]               2.3657             4.0175                 1.6518
9   2005         [0, nan]                 [0.0, nan]               0.0160             0.6735                 0.6575
10  2006         [0, nan]                 [0.0, nan]               0.4361             2.9863                 2.5502
11  2007     [0, nan, -1]                 [0.0, nan]               1.0217             3.0434                 2.0217
12  2008     [-1, nan, 0]                 [0.0, nan]               0.2334             0.8857                 0.6523
13  2009     [-1, nan, 0]                 [0.0, nan]               0.0685             3.2295                 3.1610
14  2010        [nan, -1]                 [nan, 0.0]               0.1370             2.8938                 2.7568
15  2011     [-1, nan, 0]                 [0.0, nan]               0.3014             2.6199                 2.3185
16  2012     [-1, nan, 0]  [0.0, nan, 0.005, -0.002]               0.2994             1.6530                 1.3536
17  2013        [-1, nan]         [0.0, -0.001, nan]               1.2534             1.4304                 0.1770
18  2014        [-1, nan]         [0.0, nan, -0.003]               0.1952             0.4817                 0.2865
19  2015        [-1, nan]          [0.0, nan, 0.002]               2.0799             2.5411                 0.4612
20  2016        [-1, nan]         [0.0, nan, -0.002]               2.9463             4.0893                 1.1430
21  2017        [-1, nan]                 [0.0, nan]               4.3071            11.4932                 7.1861
22  2018        [-1, nan]                 [0.0, nan]               5.7306             7.7888                 2.0582
23  2019        [-1, nan]                 [0.0, nan]               5.0742             5.2466                 0.1724
24  2020        [-1, nan]                 [0.0, nan]              25.2835            25.9574                 0.6739
25  2021            [nan]                      [nan]             100.0000           100.0000                 0.0000
26  2022            [nan]                      [nan]             100.0000           100.0000                 0.0000