    year temporal_offsets                               vertical_offsets  initial_nan_percent  final_nan_percent  increased_nan_percent
0   1996         [0, nan]                                     [0.0, nan]               1.4709             1.6052                 0.1343
1   1997         [0, nan]                                     [0.0, nan]               0.2934             0.3824                 0.0890
2   1998         [0, nan]                                     [0.0, nan]               0.1963             0.3219                 0.1256
3   1999         [0, nan]                                     [0.0, nan]               0.5594             2.3539                 1.7945
4   2000         [0, nan]                                     [0.0, nan]               0.0273             0.0490                 0.0217
5   2001         [0, nan]                              [0.0, nan, 0.002]               0.0434             0.1724                 0.1290
6   2002         [0, nan]                              [0.0, nan, 0.004]               0.8048             2.2489                 1.4441
7   2003         [0, nan]                             [0.0, nan, -0.004]               0.2671             2.2374                 1.9703
8   2004         [0, nan]                             [-0.004, 0.0, nan]               0.0660             4.0460                 3.9800
9   2005         [0, nan]                                     [0.0, nan]               4.1575            11.2842                 7.1267
10  2006         [nan, 0]                             [nan, 0.0, -0.003]               0.4658             3.0388                 2.5730
11  2007         [0, nan]                      [0.0, nan, -0.001, 0.001]               0.1370            19.0183                18.8813
12  2008         [0, nan]                                     [0.0, nan]               0.7798             2.1494                 1.3696
13  2009         [0, nan]                                     [0.0, nan]               0.1632            43.3231                43.1599
14  2010         [0, nan]                                     [0.0, nan]               0.4920             1.0936                 0.6016
15  2011         [0, nan]                              [0.0, nan, 0.005]               1.1815             1.3379                 0.1564
16  2012         [0, nan]                                     [0.0, nan]               1.0303             1.6325                 0.6022
17  2013         [0, nan]                             [0.0, nan, -0.003]               0.3174             0.3916                 0.0742
18  2014     [0, nan, -1]                              [0.0, nan, 0.003]               0.2306             0.6438                 0.4132
19  2015        [-1, nan]                       [0.003, nan, 0.004, 0.0]               0.7066             1.3573                 0.6507
20  2016        [-1, nan]                                     [0.0, nan]               1.8044             1.8966                 0.0922
21  2017        [-1, nan]                                     [0.0, nan]              97.0696            97.0970                 0.0274
22  2018        [-1, nan]                                     [0.0, nan]              41.5879            41.6758                 0.0879
23  2019        [-1, nan]                              [0.0, 0.002, nan]               3.8368             3.9429                 0.1061
24  2020        [-1, nan]                               [0.0, nan, 0.01]               1.3912             1.4458                 0.0546
25  2021        [-1, nan]                                    [0.01, nan]               2.2226             2.3630                 0.1404
26  2022        [-1, nan]                             [0.01, nan, 0.011]               7.8196            20.4110                12.5914
27  2023    [-1, nan, -2]  [0.01, nan, 0.002, -0.008, 0.021, 0.001, 0.0]               2.3904             5.1393                 2.7489