    year temporal_offsets                      vertical_offsets  initial_nan_percent  final_nan_percent  increased_nan_percent
0   1996         [0, nan]                            [0.0, nan]               2.6605             2.8905                 0.2300
1   1997         [0, nan]                            [0.0, nan]               1.4189             3.9703                 2.5514
2   1998         [0, nan]                            [0.0, nan]               0.5970             1.3756                 0.7786
3   1999         [0, nan]                            [0.0, nan]               0.5491             1.0925                 0.5434
4   2000         [0, nan]                            [0.0, nan]               0.2209             0.3495                 0.1286
5   2001         [0, nan]                     [0.0, nan, 0.003]               0.0274             0.1244                 0.0970
6   2002         [0, nan]                     [0.003, nan, 0.0]               1.0297             1.8779                 0.8482
7   2003         [0, nan]                            [0.0, nan]               1.2112             2.1530                 0.9418
8   2004         [0, nan]                     [0.0, nan, 0.001]               0.0171             0.1082                 0.0911
9   2005         [0, nan]                     [0.0, nan, 0.003]               5.0925             8.6495                 3.5570
10  2006     [nan, 0, -1]                            [nan, 0.0]               0.6495             5.7591                 5.1096
11  2007     [-1, nan, 0]                            [0.0, nan]               1.2226             3.3961                 2.1735
12  2008     [-1, nan, 0]                            [0.0, nan]               2.3190             6.3559                 4.0369
13  2009     [nan, -1, 0]                            [nan, 0.0]               0.5674             3.6986                 3.1312
14  2010        [-1, nan]                            [0.0, nan]               0.2249             1.9486                 1.7237
15  2011     [nan, -1, 0]    [nan, 0.0, -0.121, -0.001, -0.003]               3.2169             7.3893                 4.1724
16  2012     [-1, nan, 0]            [0.0, nan, -0.003, -0.001]               0.9119             2.5159                 1.6040
17  2013        [-1, nan]                    [-0.001, nan, 0.0]               0.7329             1.3151                 0.5822
18  2014        [-1, nan]                 [-0.001, nan, -0.003]               0.4726             0.6587                 0.1861
19  2015        [-1, nan]                         [-0.001, nan]               1.3710             1.9018                 0.5308
20  2016        [-1, nan]  [-0.001, nan, -0.004, -0.005, 0.012]              27.5649            27.7300                 0.1651
21  2017        [-1, nan]                     [0.0, nan, 0.003]              42.6975            42.7557                 0.0582
22  2018        [-1, nan]                     [0.0, nan, 0.006]               6.2295             6.3345                 0.1050
23  2019        [-1, nan]                     [0.006, nan, 0.0]               0.3858             0.4452                 0.0594
24  2020        [-1, nan]                            [0.0, nan]               0.2778             0.3210                 0.0432
25  2021        [-1, nan]                    [0.0, nan, -0.003]              47.4521            48.3265                 0.8744
26  2022        [-1, nan]             [-0.003, nan, 0.0, 0.002]              25.1826            25.2831                 0.1005
27  2023        [-1, nan]                    [0.0, nan, -0.004]              13.0902            13.1027                 0.0125