    year temporal_offsets          vertical_offsets  initial_nan_percent  final_nan_percent  increased_nan_percent
0   1996         [0, nan]                [0.0, nan]               1.4549             1.6769                 0.2220
1   1997         [0, nan]                [0.0, nan]               0.5925             0.7922                 0.1997
2   1998         [0, nan]                [0.0, nan]               0.3950             0.8904                 0.4954
3   1999         [0, nan]        [0.0, nan, -0.008]               0.1507             0.4840                 0.3333
4   2000         [0, nan]        [-0.008, 0.0, nan]               0.1252             0.1913                 0.0661
5   2001         [0, nan]        [0.0, nan, -0.003]               0.0628             1.6256                 1.5628
6   2002         [0, nan]        [-0.003, 0.0, nan]               1.0103             2.0183                 1.0080
7   2003         [0, nan]                [0.0, nan]               0.4384             0.5776                 0.1392
8   2004         [0, nan]                [0.0, nan]               0.6922             0.7525                 0.0603
9   2005         [0, nan]                [0.0, nan]               0.0320             0.3151                 0.2831
10  2006         [0, nan]                [0.0, nan]               0.6107             2.3493                 1.7386
11  2007     [0, nan, -1]         [0.0, nan, 0.013]               0.1256             1.7911                 1.6655
12  2008     [-1, nan, 0]                [0.0, nan]               1.0861             2.0435                 0.9574
13  2009     [nan, -1, 0]                [nan, 0.0]               0.0434             2.6107                 2.5673
14  2010        [-1, nan]                [0.0, nan]               0.1005             2.3744                 2.2739
15  2011     [-1, nan, 0]         [0.0, nan, 0.002]               0.4075             3.0811                 2.6736
16  2012     [-1, nan, 0]        [0.0, nan, -0.002]               0.1195             1.4970                 1.3775
17  2013     [-1, nan, 0]         [0.0, nan, 0.001]               0.3402             1.3539                 1.0137
18  2014     [-1, nan, 0]                [0.0, nan]               0.6221             1.6347                 1.0126
19  2015        [-1, nan]  [0.0, nan, 0.006, 0.001]               6.7591             7.2180                 0.4589
20  2016        [-1, nan]                [0.0, nan]               2.0093             2.2234                 0.2141
21  2017        [-1, nan]                [0.0, nan]              35.0019            35.0898                 0.0879
22  2019            [nan]                     [nan]             100.0000           100.0000                 0.0000
23  2020            [nan]                     [nan]             100.0000           100.0000                 0.0000
24  2021            [nan]                     [nan]             100.0000           100.0000                 0.0000
25  2022        [nan, -1]     [nan, -0.016, -0.015]              75.1427            99.9737                24.8310
26  2023            [nan]                     [nan]             100.0000           100.0000                 0.0000